utility value [-0.04       -0.04       -0.043996    1.         -0.04        0.
 -0.0443952  -1.         -0.043996   -0.0443952  -0.07991572 -0.04798358]
utility value [-0.07996    -0.11189603  0.75036972  1.         -0.11189603  0.
 -0.00850229 -1.         -0.13825759 -0.15936563 -0.06750922 -0.08988621]
utility value [-0.12307045  0.53733865  0.83331256  1.         -0.16071473  0.
  0.52523402 -1.         -0.19817577 -0.12579462  0.35822051 -0.08503046]
utility value [ 0.36109091  0.73334366  0.8949188   1.          0.21647305  0.
  0.62778999 -1.         -0.13870716  0.22115607  0.4753287   0.23148816]
utility value [ 0.60378689  0.82174117  0.91131861  1.          0.4857978   0.
  0.65114205 -1.          0.17142228  0.38406968  0.54188696  0.31630172]
utility value [ 0.72558505  0.85250972  0.91528982  1.          0.63694998  0.
  0.65664871 -1.          0.52454407  0.46981318  0.56332653  0.34190911]
utility value [ 0.77744302  0.86183107  0.91623666  1.          0.70859506  0.
  0.65795554 -1.          0.62564546  0.50407924  0.57035231  0.35008228]
utility value [ 0.79723059  0.86445019  0.9164618   1.          0.73872398  0.
  0.65826603 -1.          0.6632477   0.5907826   0.58007861  0.35867205]
utility value [ 0.80431045  0.86515342  0.91651531  1.          0.75040196  0.
  0.65833981 -1.          0.68499888  0.62548946  0.58446291  0.3630341 ]
utility value [ 0.80674638  0.86533669  0.91652803  1.          0.75468202  0.
  0.65835735 -1.          0.69405966  0.63966527  0.58632886  0.36496113]
utility value [ 0.80756378  0.86538347  0.91653105  1.          0.75619044  0.
  0.65836151 -1.          0.69758652  0.64531627  0.60008133  0.37614462]
utility value [ 0.80783352  0.86539523  0.91653177  1.          0.7567074   0.
  0.6583625  -1.          0.69891654  0.64750829  0.60320716  0.37976001]
utility value [ 0.80792151  0.86539816  0.91653194  1.          0.75688101  0.
  0.65836274 -1.          0.69940714  0.64833834  0.60418284  0.38090095]
utility value [ 0.80794998  0.86539888  0.91653198  1.          0.75693845  0.
  0.65836279 -1.          0.69958498  0.64864632  0.60452644  0.38128954]
utility value [ 0.80795914  0.86539905  0.91653199  1.          0.75695724  0.
  0.65836281 -1.          0.69964853  0.64875864  0.60465054  0.38142754]
utility value [ 0.80796207  0.8653991   0.91653199  1.          0.75696334  0.
  0.65836281 -1.          0.69967098  0.64879902  0.60469521  0.38147703]
utility value [ 0.80796301  0.86539911  0.91653199  1.          0.75696531  0.
  0.65836281 -1.          0.69967883  0.64881337  0.60471114  0.3814947 ]
utility value [ 0.8079633   0.86539911  0.91653199  1.          0.75696594  0.
  0.65836281 -1.          0.69968155  0.64881841  0.60471676  0.38150095]
utility value [ 0.8079634   0.86539911  0.91653199  1.          0.75696614  0.
  0.65836281 -1.          0.69968249  0.64882016  0.60471872  0.38150315]
utility value [ 0.80796343  0.86539911  0.91653199  1.          0.75696621  0.
  0.65836281 -1.          0.69968281  0.64882077  0.6047194   0.38150391]
utility value [ 0.80796344  0.86539911  0.91653199  1.          0.75696623  0.
  0.65836281 -1.          0.69968292  0.64882098  0.60471964  0.38150418]
utility value [ 0.80796344  0.86539911  0.91653199  1.          0.75696624  0.
  0.65836281 -1.          0.69968295  0.64882105  0.60471972  0.38150427]
utility value [-0.04       -0.043996   -0.0751616   1.         -0.071968    0.
 -0.04750864 -1.         -0.09751683 -0.04974193 -0.08449986 -0.20743229]
utility value [-0.0803592  -0.11301347  0.74694524  1.         -0.11860228  0.
 -0.01179062 -1.         -0.10134405 -0.09831956 -0.12819641 -0.26307706]
utility value [-0.123541    0.53437855  0.83264195  1.         -0.16243071  0.
  0.52436956 -1.         -0.14492809 -0.17547078  0.33526523  0.10176257]
utility value [ 0.35850676  0.73221628  0.89476545  1.          0.21406495  0.
  0.62758107 -1.         -0.14891976  0.19288491  0.49099807  0.26267174]
utility value [ 0.60238716  0.82139336  0.91128242  1.          0.484198    0.
  0.65109226 -1.          0.35136316  0.39094406  0.54564915  0.32242371]
utility value [ 0.72500743  0.8524113   0.91528123  1.          0.6361687   0.
  0.65663688 -1.          0.54258252  0.47419342  0.56436624  0.34335163]
utility value [ 0.77722861  0.86180454  0.91623462  1.          0.70826761  0.
  0.65795273 -1.          0.62762339  0.50578535  0.57066461  0.35047598]
utility value [ 0.79715526  0.86444325  0.91646132  1.          0.73859835  0.
  0.65826536 -1.          0.66351533  0.59133737  0.58017283  0.35878668]
utility value [ 0.80428483  0.86515165  0.9165152   1.          0.75035639  0.
  0.65833965 -1.          0.68504461  0.62563686  0.58448896  0.36306637]
utility value [ 0.80673785  0.86533624  0.916528    1.          0.7546661   0.
  0.65835731 -1.          0.69406623  0.63969997  0.58633552  0.36496968]
utility value [ 0.80756098  0.86538336  0.91653104  1.          0.75618502  0.
  0.6583615  -1.          0.69758631  0.64532304  0.6000874   0.37615032]
utility value [ 0.80783261  0.8653952   0.91653177  1.          0.75670559  0.
  0.6583625  -1.          0.69891575  0.64750901  0.60320834  0.37976153]
utility value [ 0.80792121  0.86539815  0.91653194  1.          0.75688041  0.
  0.65836274 -1.          0.69940666  0.6483381   0.60418276  0.38090104]
utility value [ 0.80794988  0.86539887  0.91653198  1.          0.75693825  0.
  0.65836279 -1.          0.69958475  0.64864609  0.60452625  0.38128939]
utility value [ 0.8079591   0.86539905  0.91653199  1.          0.75695718  0.
  0.65836281 -1.          0.69964844  0.64875852  0.60465043  0.38142743]
utility value [ 0.80796206  0.8653991   0.91653199  1.          0.75696332  0.
  0.65836281 -1.          0.69967094  0.64879897  0.60469516  0.38147697]
utility value [ 0.807963    0.86539911  0.91653199  1.          0.7569653   0.
  0.65836281 -1.          0.69967881  0.64881334  0.60471111  0.38149467]
utility value [ 0.8079633   0.86539911  0.91653199  1.          0.75696594  0.
  0.65836281 -1.          0.69968155  0.6488184   0.60471675  0.38150094]
utility value [ 0.8079634   0.86539911  0.91653199  1.          0.75696614  0.
  0.65836281 -1.          0.69968249  0.64882016  0.60471872  0.38150314]
utility value [ 0.80796343  0.86539911  0.91653199  1.          0.75696621  0.
  0.65836281 -1.          0.69968281  0.64882077  0.6047194   0.38150391]
utility value [ 0.80796344  0.86539911  0.91653199  1.          0.75696623  0.
  0.65836281 -1.          0.69968292  0.64882098  0.60471964  0.38150417]
utility value [ 0.80796344  0.86539911  0.91653199  1.          0.75696624  0.
  0.65836281 -1.          0.69968295  0.64882105  0.60471972  0.38150427]
